0001
0002
0003
0004
0005
0008
0009
0010
0011
0012
0013
0014
0015
0016
0018
0022
0023
0024
0025
0026
0027
0028
0029
0030
0031
0033
0034
0035
0036
0037
0039
0040
0046
0051
0054
0055
0056
0064
0065
0066
0068
0069
0071
0072
0073
0074
0075
0076
0077
0078
0079
0080
0081
0082
0083
0086
0088
0089
0090
0091
0092
0093
0094
0095
0096
0097
0098
0103
0104
0105
0106
0108
0109
0112
0113
0114
0115
0116
0117
0118
0119
0120
0121
0122
0123
0124
0125
0127
0129
0130
0131
0133
0134
0135
0136
0137
0138
0139
0140
0141
0142
0143
0144
0145
0146
0147
0148
0150
0151
0152
0155
0156
0158
0159
0160
0161
0162
0163
0164
0165
0166
0167
0168
0169
0170
0171
0173
0174
0175
0176
0188
0189
0190
0191
0192
0193
0194
0195
0196
0197
0198
0199
0200
0201
0202
0203
0204
0205
0206
0207
0208
0209
0210
0211
0212
0213
0214
0215
0216
0217
0218
0219
0220
0221
0224
0226
0228
0229
0230
0231
0232
0233
0234
0235
0236
0237
0238
0239
0240
0241
0242
0243
0244
0245
0246
0247
0248
0249
0250
0251
0252
0253
0254
0255
0266
0269
0271
0272
0273
0274
0275
0276
0277
0278
0280
0281
0282
0293
0298
0299
0300
0301
0302
0303
0304
0305
0306
0307
0308
0309
0310
0311
0312
0313
0314
0315
0316
0317
0318
0319
0320
0321
0322
0323
0324
0325
0326
0327
0328
0329
0331
0332
0333
0334
0335
0336
0337
0338
0339
0340
0341
0342
0343
0346
0347
0349
0350
0351
0352
0353
0354
0355
0356
0357
0358
0361
0362
0390
0391
0393
0394
0395
0477
0478
0479
0480
0481
0482
0483
0484
0485
0486
0487
0488
0489
0490
0491
0492
0493
0494
0495
0496
0497
0499
0500
0501
0502
0503
0505
0506
0507
0508
0509
0510
0511
0512
0513
0514
0517
0518
0519
0520
0521
0522
0524
0525
0527
0529
0530
0536
0537
0538
0539
0540
0541
0542
0543
0544
0545
0547
0548
0549
0552
0554
0555
0557
0592
0593
0594
0595
0596
0597
0598
0600
0601
0602
0604
0605
0606
0607
0609
0610
0611
0612
0614
0615
0616
0617
0618
0619
0620
0621
0622
0623
0624
0626
0639
0640
0641
0642
0643
0644
0645
0646
0647
0648
0649
0651
0652
0653
0655
0656
0657
0658
0659
0660
0661
0662
0663
0664
0665
0666
0667
0668
0669
0670
0671
0672
0673
0675
0676
0677
0679
0680
0681
0683
0684
0685
0688
0692
0697
0700
0704
0708
0709
0710
0711
0712
0713
0714
0715
0716
0717
0719
0722
0724
0725
0727
0728
0729
0730
0731
0733
0734
0735
0736
0737
0738
0739
0740
0741
0742
0743
0744
0745
0748
0749
0751
0752
0753
0754
0760
0761
0762
0763
0764
0765
0766
0767
0768
0769
0771
0772
0775
0777
0778
0779
0780
0781
0782
0783
0786
0787
0794
0800
0801
0802
0803
0804
0805
0806
0807
0808
0809
0810
0811
0812
0813
0814
0816
0818
0819
0820
0822
0823
0824
0825
0826
0827
0828
0829
0830
0831
0832
0833
0834
0835
0836
0837
0838
0839
0840
0841
0842
0843
0844
0845
0846
0847
0848
0849
0850
0851
0852
0853
0854
0855
0856
0857
0858
0859
0860
0861
0862
0863
0864
0865
0866
0867
0868
0870
0871
0872
0873
0874
0875
0876
0877
0878
0879
0927
0930
0931
0932
0933
0934
0935
0936
0937
0938
0939
0940
0941
0942
0943
0944
0945
0946
0947
0948
0949
0950
0952
0953
0954
0955
0956
0957
0958
0959
0960
0961
0962
0964
0965
0966
0967
0971
0972
0973
0974
0975
0976
0977
0978
0979
0980
0981
0982
0983
0984
0985
0986
0987
0988
0989
0990
0991
0992
0993
0994
1000
1001
1004
1005
1006
1008
1009
1011
1012
1013
1014
1015
1016
1017
1018
1019
1020
1021
1022
1023
1025
1026
1031
1032
1033
1034
1035
1037
1038
1040
1041
1042
1043
1044
1045
1046
1047
1048
1050
1051
1052
1053
1054
1055
1056
1057
1058
1059
1060
1061
1062
1063
1064
1066
1067
1068
1071
1073
1085
1098
1099
1103
1104
1105
1107
1108
1110
1111
1114
1115
1116
1117
1121
1122
1124
1125
1126
1127
1128
1129
1130
1136
1137
1138
1139
1140
1151
1152
1153
1154
1155
1156
1157
1158
1159
1160
1161
1162
1163
1164
1165
1166
1167
1168
1169
1170
1171
1172
1173
1174
1175
1176
1177
1178
1179
1180
1181
1182
1183
1184
1185
1186
1187
1188
1189
1190
1191
1192
1193
1194
1195
1196
1197
1198
1199
1200
1201
1202
1203
1204
1205
1206
1207
1208
1209
1210
1211
1212
1213
1214
1215
1216
1217
1218
1219
1220
1230
1231
1244
1245
1246
1247
1254
1255
1261
1262
1263
1264
1265
1266
1267
1268
1269
1270
1271
1272
1273
1274
1275
1276
1277
1278
1279
1280
1281
1282
1283
1284
1285
1286
1287
1288
1289
1290
1291
1292
1294
1296
1297
1298
1301
1302
1303
1304
1306
1307
1308
1309
1310
1311
1312
1313
1314
1315
1316
1319
1320
1321
1322
1323
1324
1325
1327
1328
1329
1330
1331
1332
1333
1334
1337
1338
1339
1341
1344
1345
1346
1347
1348
1349
1355
1356
1357
1358
1359
1360
1362
1369
1370
1373
1374
1375
1376
1377
1379
1381
1382
1383
1384
1386
1387
1388
1389
1390
1391
1392
1393
1394
1395
1396
1397
1398
1399
1400
1401
1402
1403
1404
1405
1406
1407
1408
1409
1410
1411
1412
1413
1414
1415
1416
1417
1418
1419
1420
1421
1422
1423
1424
1425
1426
1427
1428
1429
1430
1432
1433
1434
1435
1436
1437
1438
1439
1440
1441
1442
1446
1447
1448
1449
1450
1451
1452
1453
1455
1456
1464
1465
1466
1467
1468
1469
1470
1471
1472
1473
1474
1475
1480
1481
1483
1485
1486
1487
1488
1489
1490
1491
1493
1494
1495
1497
1499
1500
1501
1502
1503
1504
1505
1506
1507
1508
1509
1510
1511
1512
1513
1514
1515
1516
1518
1519
1520
1521
1522
1525
1526
1527
1528
1529
1530
1531
1533
1534
1535
1536
1537
1540
1541
1542
1543
1544
1545
1546
1547
1548
1549
1550
1551
1552
1553
1554
1558
1559
1560
1561
1562
1565
1566
1568
1569
1570
1571
1572
1574
1575
1577
1578
1579
1580
1582
1584
1585
1586
1591
1592
1594
1598
1599
1600
1603
1604
1605
1606
1607
1608
1609
1611
1612
1614
1615
1616
1617
1618
1619
1620
1621
1622
1623
1624
1625
1626
1627
1628
1629
1630
1632
1633
1634
1635
1637
1639
1640
1641
1642
1643
1644
1645
1646
1647
1648
1649
1650
1651
1654
1655
1656
1658
1659
1660
1661
1662
1664
1665
1666
1667
1668
1669
1672
1673
1674
1675
1676
1677
1678
1679
1680
1681
1682
1683
1684
1685
1686
1687
1688
1690
1694
1696
1697
1699
1700
1701
1702
1704
1714
1715
1716
1717
1718
1719
1720
1721
1722
1723
1724
1725
1726
1727
1728
1729
1730
1731
1732
1733
1734
1735
1736
1737
1739
1740
1741
1742
1743
1744
1745
1746
1747
1749
1763
1768
1769
1772
1773
1774
1775
1776
1777
1778
1779
1780
1781
1782
1783
1784
1785
1786
1787
1788
1789
1790
1791
1792
1793
1794
1795
1796
1798
1799
1800
1801
1802
1803
1804
1805
1806
1807
1808
1809
1810
1811
1812
1813
1814
1815
1816
1817
1818
1819
1820
1821
1822
1823
1824
1825
1826
1827
1828
1829
1830
1831
1832
1833
1834
1835
1836
1837
1838
1839
1840
1841
1842
1843
1844
1845
1846
1847
1848
1849
1850
1851
1852
1853
1854
1855
1856
1857
1858
1859
1860
1861
1862
1863
1864
1865
1866
1867
1868
1869
1870
1871
1872
1873
1874
1875
1876
1877
1878
1879
1880
1881
1882
1883
1884
1885
1886
1887
1888
1889
1890
1891
1892
1893
1894
1895
1896
1897
1898
1899
1900
1901
1902
1903
1904
1905
1906
1907
1908
1909
1910
1911
1912
1913
1914
1915
1916
1918
1919
1920
1921
1922
1927
1938
1939
1941
1942
1943
1946
1950
1951
1952
1953
1954
1955
1956
1957
1958
1959
1960
1961
1962
1964
1965
1966
1967
1968
1969
1970
1971
1972
1973
1974
1975
1976
1977
1978
1979
1981
1982
1983
1984
1986
1987
1989
1991
1992
1993
1994
1995
2001
2002
2003
2004
2005
2006
2010
2176
2178
2179
2180
2181
2182
2184
2185
2186
2187
2188
2193
2195
2197
2198
2199
2201
2207
2209
2211
2215
2226
2231
2236
2237
2239
2240
2241
2245
2246
2247
2255
2256
2257
2258
2259
2260
2261
2262
2266
2287
8291
8292
8293
8294
8295
8296
8297
8298
8299
8302
8303
8304
8305
8306
8307
8308
8309
8310
8311
8312
8313
8314
8315
8316
8317
8318
8319
8320
8321
8322
8323
8324
8325
8326
8327
8328
8329
8330
8331
8332
8333
8335
8336
8337
8338
8339
8340
8341
8342
8343
8345
8346
8347
8348
8349
8350
8352
8353
8354
8355
8356
8358
8359
8360
8361
8363
8364
8365
8366
8367
8368
8369
8370
8371
8372
8374
8375
8376
8387
8388
8389
8390
8391
8392
8393
8394
8395
8396
8397
8398
8399
8400
8402
8403
8405
8406
8407
8408
8409
8410
8411
8412
8414
8415
8417
8418
8419
8420
8421
8422
8423
8424
8425
8426
8427
8428
8429
8430
8431
8432
8433
8436
8437
8438
8439
8440
8441
8442
8443
8444
8445
8446
8447
8448
8449
8450
8451
8452
8453
8454
8455
8456
8457
8458
8460
8461
8462
8463
8464
8465
8466
8471
8472
8473
8474
8475
8476
8478
8479
8480
8481
8483
8484
8487
8488
8496
8499
8500
8501
8503
8504
8505
8506
8507
8508
8509
8510
8511
8512
8513
8514
8515
8516
8517
8518
8519
8520
8521
8522
8523
8524
8525
8526
8527
8528
8529
8530
8531
8532
8533
8534
8535
8536
8537
8538
8539
8540
8541
8542
8543
8544
8545
8546
8547
8548
8549
8550
8551
8552
8553
8554
8555
8556
8557
8558
8559
8560
8561
8562
8563
8564
8565
8566
8567
8568
8569
8570
8571
8572
8573
8574
8575
8576
8577
8578
8579
8580
8581
8583
8584
8585
8586
8587
8588
8589
8590
8591
8592
8593
8594
8595
8596
8597
8598
8599
8600
8601
8602
8604
8605
8606
8607
8608
8609
8611
8612
8613
8614
8619
8620
8621
8622
8623
8624
8630
8635
8636
8641
8642
8643
8644
8646
8647
8648
8649
8650
8651
8652
8653
8654
8655
8656
8657
8658
8659
8660
8661
8662
8663
8664
8665
8667
8668
8669
8670
8671
8672
8673
8675
8676
8677
8678
8679
8680
8681
8682
8683
8684
8685
8686
8687
8688
8689
8690
8691
8692
8693
8694
8695
8696
8697
8698
8699
8700
8701
8702
8703
8704
8705
8706
8707
8708
8709
8710
8711
8712
8713
8714
8715
8717
8718
8719
8720
8721
8722
8723
8724
8725
8726
8727
8728
8729
8730
8731
8732
8733
8734
8735
8736
8737
8738
8739
8740
8741
8742
8743
8744
8745
8746
8747
8748
8749
8750
8751
8752
8753
8754
8755
8756
8757
8758
8759
8760
8761
8762
8763
8764
8765
8766
8767
8768
8769
8770
8771
8772
8773
8774
8775
8776
8777
8778
8779
8780
8781
8782
8783
8784
8785
8786
8787
8788
8789
8790
8791
8792
8796
8797
8798
8799
8800
8801
8802
8803
8804
8805
8806
8807
8808
8809
8810
8811
8812
8813
8814
8815
8816
8817
8818
8819
8820
8821
8822
8823
8824
8825
8826
8827
8831
8832
8833
8834
8835
8836
8837
8839
8840
8841
8842
8843
8844
8845
8846
8847
8848
8849
8850
8851
8852
8853
8854
8855
8856
8857
8858
8859
8860
8861
8862
8863
8864
8865
8866
8868
8869
8870
8871
8872
8873
8874
8875
8876
8877
8878
8879
8880
8881
8882
8883
8884
8885
8886
8887
8888
8889
8890
8891
8892
8893
8894
8895
8896
8897
8898
8899
8900
8901
8902
8903
8904
8905
8906
8907
8908
8909
8910
8913
8914
8915
8916
8917
8918
8920
8921
8922
8923
8924
8925
8926
8935
8936
8937
8938
8940
8941
8942
8943
8944
8945
8946
8947
8948
8949
8950
8951
8952
8953
8954
8955
8956
8957
8958
8959
8960
8961
8962
8963
8964
8965
8966
8967
8968
8969
8970
8971
8972
8973
8974
8975
8976
8977
8978
8979
8980
8981
8982
8983
8984
8985
8986
8987
8988
8989
8990
8991
8992
8993
8994
8995
8996
8997
8999
9001
9002
9003
9004
9005
9006
9007
9008
9009
9010
9011
9012
9013
9014
9015
9016
9017
9018
9019
9020
9021
9022
9023
9024
9025
9026
9027
9030
9031
9034
9035
9036
9037
9038
9039
9040
9043
9044
9045
9046
9047
9048
9049
9051
9052
9053
9058
9064
9065
9066
9067
9068
9069
9070
9071
9072
9073
9074
9075
9076
9079
9080
9081
9082
9083
9084
9085
9086
9087
9088
9091
9092
9097
9098
9099
9102
9103
9105
9107
9108
9109
9110
9111
9112
9113
9114
9115
9116
9117
9118
9119
9120
9121
9122
9123
9124
9125
9126
9127
9128
9129
9130
9131
9132
9133
9134
9135
9136
9137
9138
9139
9140
9141
9142
9143
9144
9145
9146
9147
9148
9149
9150
9151
9152
9153
9154
9155
9156
9157
9158
9159
9160
9161
9162
9163
9164
9165
9166
9167
9168
9169
9170
9171
9172
9173
9174
9175
9176
9177
9178
9179
9180
9181
9182
9183
9184
9185
9186
9187
9188
9189
9190
9191
9192
9193
9194
9195
9196
9197
9198
9199
9200
9201
9202
9203
9204
9205
9207
9208
9209
9210
9211
9212
9213
9214
9215
9216
9217
9218
9219
9220
9221
9222
9223
9224
9225
9226
9227
9228
9229
9230
9231
9232
9233
9234
9235
9236
9237
9238
9239
9240
9241
9242
9244
9245
9246
9247
9248
9249
9250
9251
9252
9253
9254
9255
9256
9257
9258
9259
9260
9261
9262
9264
9265
9266
9267
9268
9269
9273
9274
9275
9276
9277
9278
9279
9280
9281
9282
9283
9284
9285
9286
9287
9293
9294
9295
9296
9297
9298
9299
9300
9301
9302
9303
9304
9305
9306
9307
9312
9313
9314
9315
9316
9319
9320
9321
9323
9324
9325
9326
9327
9338
9340
9341
9342
9344
9345
9346
9349
9350
9351
9352
9353
9354
9355
9356
9357
9358
9359
9360
9361
9362
9363
9364
9365
9366
9367
9368
9369
9370
9371
9372
9373
9374
9375
9376
9377
9378
9381
9382
9383
9388
9389
9390
9391
9396
9397
9398
9399
9400
9401
9402
9403
9404
9405
9406
9407
9408
9409
9410
9411
9412
9413
9414
9415
9416
9417
9418
9419
9420
9421
9422
9423
9424
9425
9426
9427
9428
9429
9430
9431
9432
9433
9435
9441
9442
9443
9444
9445
9446
9447
9450
9454
9455
9463
9464
9465
9466
9467
9468
9469
9470
9473
9474
9475
9476
9477
9478
9479
9480
9483
9484
9485
9486
9487
9488
9489
9490
9491
9492
9493
9494
9495
9496
9497
9498
9499
9500
9501
9502
9503
9504
9505
9506
9507
9508
9509
9510
9511
9512
9513
9514
9515
9517
9518
9519
9520
9522
9523
9524
9525
9526
9527
9528
9530
9531
9532
9533
9535
9536
9537
9538
9539
9540
9541
9542
9543
9544
9545
9546
9547
9548
9549
9550
9551
9552
9553
9554
9555
9556
9557
9558
9559
9560
9561
9562
9563
9564
9565
9566
9567
9568
9569
9570
9571
9572
9573
9574
9575
9576
9577
9578
9579
9580
9581
9582
9583
9584
9585
9586
9587
9588
9589
9590
9591
9594
9595
9596
9597
9598
9600
9601
9602
9603
9605
9607
9608
9609
9610
9611
9628
9629
9630
9632
9633
9634
9635
9636
9637
9638
9639
9640
9641
9642
9643
9644
9645
9646
9647
9648
9650
9651
9652
9653
9654
9655
9656
9657
9658
9659
9660
9661
9662
9663
9664
9665
9666
9667
9668
9669
9670
9671
9672
9673
9674
9675
9676
9677
9678
9679
9680
9681
9685
9686
9687
9688
9689
9690
9691
9692
9697
9698
9699
9700
9701
9703
9704
9705
9706
9707
9708
9709
9710
9711
9712
9713
9714
9715
9716
9717
9718
9719
9720
9721
9722
9723
9724
9725
9726
9728
9729
9730
9731
9733
9735
9736
9737
9738
9739
9740
9741
9742
9743
9744
9745
9746
9750
9751
9752
9753
9754
9755
9756
9757
9758
9759
9760
9761
9762
9763
9764
9765
9766
9767
9768
9769
9770
9771
9772
9773
9774
9775
9776
9777
9778
9779
9780
9781
9782
9783
9784
9785
9786
9787
9790
9791
9792
9793
9794
9795
9796
9797
9798
9799
9800
9801
9802
9803
9804
9805
9806
9807
9808
9809
9810
9811
9812
9813
9814
9815
9816
9817
9818
9819
9820
9821
9822
9823
9824
9825
9826
9827
9828
9829
9830
9831
9832
9833
9834
9835
9836
9837
9838
9839
9840
9842
9843
9844
9845
9846
9847
9848
9849
9850
9851
9852
9853
9855
9856
9857
9858
9859
9860
9861
9862
9863
9864
9865
9866
9867
9868
9869
9870
9871
9872
9873
9874
9875
9876
9877
9878
9879
9880
9881
9882
9883
9884
9885
9886
9887
9888
9889
9890
9891
9892
9893
9894
9895
9896
9897
9898
9899
9900
9901
9902
9903
9904
9905
9906
9907
9908
9909
9910
9911
9912
9913
9914
9915
9916
9917
9918
9919
9920
9921
9922
9923
9924
9925
9929
9930
9931
9932
9935
9936
9937
9938
9939
9940
9941
9942
9943
9944
9945
9946
9947
9948
9949
9950
9951
9952
9953
9954
9955
9956
9957
9958
9960
9961
9962
9963
9964
9965
9966
9967
9969
9970
9971
9972
9973
9974
9975
9976
9977
9978
9979
9980
9981
9982
9983
9984
9985
9986
9987
9988
9989
9990
9991
9992
9993
9994
9995
9996
9997
9998
9999
