1000
1010
1020
1030
1040
1050
1060
1070
1080
1090
1100
1110
1120
1130
1150
1160
1170
1190
1200
1210
1220
1230
1240
1250
1290
1300
1340
1350
1370
1380
1390
1410
1420
1430
1440
1450
1500
1510
1600
1700
1820
1910
1950
2000
2010
2020
2030
2040
2050
2060
2070
2080
2090
2100
2110
2111
2120
2130
2140
2150
2160
2170
2180
2190
2200
2210
2220
2230
2240
2260
2270
2280
2290
2300
2310
2320
2330
2340
2350
2360
2370
2380
2400
2410
2420
2430
2450
2460
2470
2480
2490
2510
2520
2550
2580
2600
2610
2640
2650
2660
2700
2740
2750
2760
2770
2800
2820
2880
2920
3000
3010
3020
3030
3040
3050
3060
3070
3080
3090
3100
3110
3120
3130
3140
3150
3160
3170
3180
3190
3200
3210
3220
3230
3240
3250
3260
3270
3280
3290
3300
3310
3320
3330
3340
3350
3360
3370
3380
3390
3400
3410
3420
3430
3440
3450
3470
3480
3490
3500
3501
3510
3520
3530
3540
3560
3570
3590
3600
3610
3620
3630
3640
3650
3660
3670
3680
3690
3700
3710
3740
3750
3760
3770
3800
3810
3820
3830
3840
3850
3860
3870
3920
3940
3960
4000
4001
4010
4020
4030
4040
4050
4060
4070
4080
4090
4100
4110
4120
4130
4140
4150
4160
4170
4180
4190
4200
4210
4220
4230
4240
4250
4260
4270
4280
4290
4300
4310
4320
4330
4340
4350
4360
4370
4371
4372
4380
4390
4400
4410
4420
4441
4450
4460
4470
4480
4490
4500
4510
4520
4540
4550
4560
4580
4590
4600
4610
4620
4640
4700
4710
4720
4730
4740
4770
4780
4790
4810
4820
4830
4840
4870
4900
4910
4920
4930
6000
6003
6010
6011
6020
6030
6040
6041
6042
6050
6060
6070
6080
6090
6091
6100
6120
6130
6140
6150
6160
6170
6180
6190
6200
6209
6210
6220
6240
6250
6260
6270
6280
6281
6290
6300
6310
6311
6320
6330
6340
6350
6360
6370
6380
6390
6400
6410
6430
6440
6450
6452
6460
6470
6500
6501
6503
6510
6520
6530
6531
6540
6550
6560
6570
6580
6590
6600
6602
6610
6621
6630
6640
6650
6670
6690
6691
6700
6710
6721
6730
6740
6750
6760
6790
6800
6801
6810
6821
6840
6890
6900
6910
6920
6930
6940
6950
6960
6970
7020
7030
7050
7080
7130
7200
7700
7730
7810
7860
7994
7996
